D = 4
Modes:

A7 =
[
    1.0000    0.2000         0         0;
         0    1.0000         0         0;
         0         0    1.0000    0.2000;
         0         0         0    1.0000;
]

B7 =
[
    0.0670
    0.6704
    0.0670
    0.6704
]

A8 =
[
    1.0000    0.2000         0         0;
         0    1.0000         0         0;
         0         0    1.0000    0.2000;
         0         0         0    1.0000;
]

B8 =
[
    0.0670
    0.6704
         0
         0
]

A9 =
[
    1.0000    0.2000         0         0;
         0    1.0000         0         0;
         0         0    1.0000    0.2000;
         0         0         0    1.0000;
]

B9 =
[
    0.0670
    0.6704
   -0.0670
   -0.6704
]

A12 =
[
    1.0000    0.2000         0         0;
         0    1.0000         0         0;
         0         0    1.0000    0.2000;
         0         0         0    1.0000;
]

B12 =
[
         0
         0
    0.0670
    0.6704
]

A13 =
[
    1.0000    0.2000         0         0;
         0    1.0000         0         0;
         0         0    1.0000    0.2000;
         0         0         0    1.0000;
]

B13 =
[
     0
     0
     0
     0
]

A14 =
[
    1.0000    0.2000         0         0;
         0    1.0000         0         0;
         0         0    1.0000    0.2000;
         0         0         0    1.0000;
]

B14 =
[
         0
         0
   -0.0670
   -0.6704
]

A17 =
[
    1.0000    0.2000         0         0;
         0    1.0000         0         0;
         0         0    1.0000    0.2000;
         0         0         0    1.0000;
]

B17 =
[
   -0.0670
   -0.6704
    0.0670
    0.6704
]

A18 =
[
    1.0000    0.2000         0         0;
         0    1.0000         0         0;
         0         0    1.0000    0.2000;
         0         0         0    1.0000;
]

B18 =
[
   -0.0670
   -0.6704
         0
         0
]

A19 =
[
    1.0000    0.2000         0         0;
         0    1.0000         0         0;
         0         0    1.0000    0.2000;
         0         0         0    1.0000;
]

B19 =
[
   -0.0670
   -0.6704
   -0.0670
   -0.6704
]

Safe_Region:

[
1	0	0	0;
-1	0	0	0;
0	1	0	0;
0	-1	0	0;
0	0	1	0;
0	0	-1	0;
0	0	0	1;
0	0	0	-1;
]
[1 1 1 1 1 1 1 1]

Disturbance:
[
1	0	0	0;
-1	0	0	0;
0	1	0	0;
0	-1	0	0;
0	0	1	0;
0	0	-1	0;
0	0	0	1;
0	0	0	-1;
]

[0.02 0.02 0.04 0.04 0.02 0.02 0.04 0.04]
Partition_Modes:
[A8 A12 A14 A18]
