D=4
Modes:
A1 =
[
    0.9999         0         0         0;
         0    0.9999         0         0;
         0         0    0.9999         0;
         0         0         0    0.6065;
]

B1 =
[
     0
     0
     0
     0
]


A9 =
[
    0.9928         0         0    1.3079;
         0    0.9999         0         0;
         0         0    0.9999         0;
   -0.0078         0         0    0.6005;
]

B9 =
[
    1.4185
         0
         0
    1.5695
]

A13 =
[
    0.9999         0         0         0;
         0    0.9928         0    1.3079;
         0         0    0.9999         0;
         0   -0.0078         0    0.6005;
]

B13 =
[
         0
    1.4185
         0
    1.5695
]


A15 =
[
    0.9999         0         0         0;
         0    0.9999         0         0;
         0         0    0.9928    1.3079;
         0         0   -0.0078    0.6005;
]

B15 =
[
         0
         0
    1.4185
    1.5695
]

A16 =
[
    0.9999         0         0         0;
         0    0.9999         0         0;
         0         0    0.9999         0;
         0         0         0    0.6065;
]

B16 =
[
         0
         0
         0
    1.5739
]

Safe_Region:

[
1	0	0	0	;
-1	0	0	0	;
0	1	0	0	;
0	-1	0	0	;
0	0	1	0	;
0	0	-1	0	;
0	0	0	1	;
0	0	0	-1	;
]
[150 -145 100 -95 50 -45 3 4]

Disturbance:

[
1	0	0	0	;
-1	0	0	0	;
0	1	0	0	;
0	-1	0	0	;
0	0	1	0	;
0	0	-1	0	;
0	0	0	1	;
0	0	0	-1	;
]

[0.001 0.001 0.001 0.001 0.001 0.001 0.001 0.001]

Partition_Modes:
[A9 A13 A15]
