D = 3
Modes:
A1 =
[
            1            0            0;
            0            1            0;
            0            0      0.48194;
]

B1 =
[
     0
     0
     0
]


A2 =
[
      0.99884            0     0.014188;
            0            1            0;
     -0.10356            0      0.48103;
]

B2 =
[
      0.23216
            0
       20.712
]

A3 =
[
      0.99884    0.0011605    -0.014181;
    0.0011605      0.99884     0.014181;
      0.10351     -0.10351      0.48012;
]

B3 =
[
     0
     0
     0
]

A4 =
[
            1            0            0;
            0      0.99884     0.014188;
            0     -0.10356      0.48103;
]

B4 =
[
            0
      0.23216
       20.712
]

A5 =
[
            1            0            0;
            0      0.99884    -0.014188;
            0      0.10356      0.48103;
]

B5 =
[
     0
     0
     0
]

A6 =
[
            1            0            0;
            0            1            0;
            0            0      0.48194;
]

B6 =
[
            0
            0
       20.722
]

Safe_Region:
[
1	0	0	;
-1	0	0	;
0	1	0	;
0	-1	0	;
0	0	1	;
0	0	-1	;
]

[135 -130 70 -65 40 0]
Disturbance:
[
1	0	0	;
-1	0	0	;
0	1	0	;
0	-1	0	;
0	0	1	;
0	0	-1	;
]
[0.001 0.001 0.001 0.001 0.001 0.001]
Partition_Modes:
[A2 A4]
