D = 3

Modes :
A1 =
[
    1.0000         0         0;
         0    0.9990         0;
         0         0    0.9990;
]

B1 =
[
    0.1000
         0
         0
]

A2 =
[
    0.9998   -0.0666         0;
    0.0062    0.9988         0;
         0         0    0.9990;
]

B2 =
[
    0.1000
    0.0003
         0
]

A3 =
[
    0.9989         0   -0.0666;
         0    0.9990         0;
    0.0341         0    0.9979;
]

B3 =
[
    0.1000
         0
    0.0017
]

Safe_Region :
[1 0 0;
-1 0 0;
0 1 0;
0 -1 0;
0 0 1;
0 0 -1;
]
[1 0 2 -1.7 4 -3.3]

Disturbance:

[1 0 0;
-1 0 0;
0 1 0;
0 -1 0;
0 0 1;
0 0 -1;
]

[ 0.0005 0.0005 0.0005 0.0005 0.0005 0.0005]

Partition_Modes:
[A1 A2 A3]
