D = 3

Modes :
A1 =
[
    1.0000         0         0;
         0    0.9970         0;
         0         0    0.9970;
]

B1 =
[
    0.3000
         0
         0
]

A2 =
[
    0.9981   -0.1996         0;
    0.0187    0.9951         0;
         0         0    0.9970;
]

B2 =
[
    0.2998
    0.0028
         0
]

A3 =
[
    0.9898         0   -0.1990;
         0    0.9970         0;
    0.1018         0    0.9868;
]

B3 =
[
    0.2990
         0
    0.0153
]

Safe_Region :
[1 0 0;
-1 0 0;
0 1 0;
0 -1 0;
0 0 1;
0 0 -1;
]
[1 0 2 -1.7 4 -3.3]

Disturbance:

[1 0 0;
-1 0 0;
0 1 0;
0 -1 0;
0 0 1;
0 0 -1;
]

[ 0.0005 0.0005 0.0005 0.0005 0.0005 0.0005]


Partition_Modes:
[A1 A2 A3]
