D = 3

Modes :
A1 =
[
    1.0000         0         0;
         0    0.9980         0;
         0         0    0.9980;
]

B1 =
[
    0.2000
         0
         0
]

A2 =
[
    0.9992   -0.1332         0;
    0.0125    0.9972         0;
         0         0    0.9980;
]

B2 =
[
    0.1999
    0.0012
         0
]

A3 =
[
    0.9955         0   -0.1330;
         0    0.9980         0;
    0.0680         0    0.9935;
]

B3 =
[
    0.1997
         0
    0.0068
]

Safe_Region :
[1 0 0;
-1 0 0;
0 1 0;
0 -1 0;
0 0 1;
0 0 -1;
]
[1 0 2 -1.7 4 -3.3]

Disturbance:

[1 0 0;
-1 0 0;
0 1 0;
0 -1 0;
0 0 1;
0 0 -1;
]

[ 0.0005 0.0005 0.0005 0.0005 0.0005 0.0005]


Partition_Modes:
[A1 A2 A3]
