D = 6
Modes:
A1 =
[
    0.6685    0.1766    0.0686         0         0         0;
    0.0852    0.9060    0.0039         0         0         0;
    0.0054    0.0006    0.9937         0         0         0;
    0.6717    0.1750    0.0679    0.0000         0         0;
         0         0         0         0   -0.0010    0.0014;
         0         0         0         0   -0.0018   -0.0037;
]

B1 =
[
         0
         0
         0
         0
   -0.0018
    1.3383
]

A2 =
[
    0.6685    0.1766    0.0686         0    0.0142    0.2083;
    0.0852    0.9060    0.0039         0   -0.0035    0.0189;
    0.0054    0.0006    0.9937         0   -0.0002    0.0012;
    0.6717    0.1750    0.0679    0.0000    0.0143    0.2094;
         0         0         0         0   -0.0010    0.0014;
         0         0         0         0   -0.0018   -0.0037;
]

B2 =
[
    0.3364
    0.0095
    0.0006
    0.3287
   -0.0018
    1.3383
]

Safe_Region:
[
1	0	0	0   	0   0   ;
-1	0	0	0	0   0   ;
0	1	0	0	0   0   ;
0	-1	0	0	0   0   ;
0	0	1	0	0   0   ;
0	0	-1	0	0   0   ;
0	0	0	1	0   0   ;
0	0	0	-1	0   0   ;
0	0	0	0	1   0   ;
0	0	0	0	-1  0   ;
0	0	0	0	0   1   ;
0	0	0	0	0   -1  ;
]
[6 -1 10 0 10 0 8 -1 1 1 2 1]
Disturbance:
[
1	0	0	0   	0   0   ;
-1	0	0	0	0   0   ;
0	1	0	0	0   0   ;
0	-1	0	0	0   0   ;
0	0	1	0	0   0   ;
0	0	-1	0	0   0   ;
0	0	0	1	0   0   ;
0	0	0	-1	0   0   ;
0	0	0	0	1   0   ;
0	0	0	0	-1  0   ;
0	0	0	0	0   1   ;
0	0	0	0	0   -1  ;
]
[0.02 0.02 0.02 0.02 0.02 0.02 0.02 0.02 0.02 0.02 0.02 0.02]

Partition_Modes:
[A1 A2]
