D = 5
Modes:
A1 =
[
    0.6685    0.1766    0.0686         0         0;
    0.0852    0.9060    0.0039         0         0;
    0.0054    0.0006    0.9937         0         0;
    0.6717    0.1750    0.0679    0.0000         0;
         0         0         0         0    0.0003;
]

B1 =
[
         0
         0
         0
         0
    0.9997
]

A2 =
[
    0.6685    0.1766    0.0686         0    0.1314;
    0.0852    0.9060    0.0039         0    0.0143;
    0.0054    0.0006    0.9937         0    0.0009;
    0.6717    0.1750    0.0679    0.0000    0.1320;
         0         0         0         0    0.0003;
]

B2 =
[
    0.4828
    0.0204
    0.0013
    0.4759
    0.9997
]
Safe_Region:
[
1	0	0	0   	0   ;
-1	0	0	0	0   ;
0	1	0	0	0   ;
0	-1	0	0	0   ;
0	0	1	0	0   ;
0	0	-1	0	0   ;
0	0	0	1	0   ;
0	0	0	-1	0   ;
0	0	0	0	1   ;
0	0	0	0	-1  ;
]
[6 -1 10 0 10 0 8 -1 1.001 0]
Disturbance:
[
1	0	0	0   	0   ;
-1	0	0	0	0   ;
0	1	0	0	0   ;
0	-1	0	0	0   ;
0	0	1	0	0   ;
0	0	-1	0	0   ;
0	0	0	1	0   ;
0	0	0	-1	0   ;
0	0	0	0	1   ;
0	0	0	0	-1  ;
]
[0.02 0.02 0.02 0.02 0.02 0.02 0.02 0.02 0.02 0.02]

Partition_Modes:
[A1 A2]
