D=4
Modes:
A1 =[
    0.6685    0.1766    0.0686    0.0000;
    0.0852    0.9060    0.0039    0.0000;
    0.0054    0.0006    0.9937    0.0000;
    0.6717    0.1750    0.0679    0.0000;
]
B1 =[
     0
     0
     0
     0
]
A2 =[
    0.6685    0.1766    0.0686    0.0000;
    0.0852    0.9060    0.0039    0.0000;
    0.0054    0.0006    0.9937    0.0000;
    0.6717    0.1750    0.0679    0.0000;
]
B2 =[
    0.6142
    0.0347
    0.0022
    0.6079
]

Safe_Region:
[
1	0	0	0	;
-1	0	0	0	;
0	1	0	0	;
0	-1	0	0	;
0	0	1	0	;
0	0	-1	0	;
0	0	0	1	;
0	0	0	-1	;
]
[6 -1 10 0 10 0 8 -1]

Disturbance:
[
1	0	0	0	;
-1	0	0	0	;
0	1	0	0	;
0	-1	0	0	;
0	0	1	0	;
0	0	-1	0	;
0	0	0	1	;
0	0	0	-1	;
]

[0.02 0.02 0.02 0.02 0.02 0.02 0.02 0.02]
Partition_Modes:
[A1 A2]
