D=4
Modes:

A0 =
[
    0.9063    0.0513    0.0015    0.0000;
    0.0513    0.8565    0.0499    0.0015;
    0.0015    0.0499    0.8565    0.0513;
    0.0000    0.0015    0.0513    0.9063;
]

B0 =
[
    1.6415
    1.9500
    1.9587
    1.9589
]

A1 =
[
    0.9063    0.0513    0.0015    0.0000;
    0.0513    0.8565    0.0499    0.0015;
    0.0015    0.0499    0.8565    0.0513;
    0.0000    0.0015    0.0513    0.9063;
]

B1 =
[
    6.4022
    2.0839
    1.9613
    1.9589
]

A2 =
[
    0.9063    0.0513    0.0015    0.0000;
    0.0513    0.8565    0.0499    0.0015;
    0.0015    0.0499    0.8565    0.0513;
    0.0000    0.0015    0.0513    0.9063;
]

B2 =
[
    1.7755
    6.5793
    2.0902
    1.9615
]

A3 =
[
    0.9063    0.0513    0.0015    0.0000;
    0.0513    0.8565    0.0499    0.0015;
    0.0015    0.0499    0.8565    0.0513;
    0.0000    0.0015    0.0513    0.9063;
]

B3 =
[
    1.6441
    2.0814
    6.5881
    2.0929
]

A4 =
[
    0.9063    0.0513    0.0015    0.0000;
    0.0513    0.8565    0.0499    0.0015;
    0.0015    0.0499    0.8565    0.0513;
    0.0000    0.0015    0.0513    0.9063;
]

B4 =
[
    1.6416
    1.9525
    2.0927
    6.7196
]
Safe_Region:
[
1	0	0	0	;
-1	0	0	0	;
0	1	0	0	;
0	-1	0	0	;
0	0	1	0	;
0	0	-1	0	;
0	0	0	1	;
0	0	0	-1	;
]

[65 -55 70 -60 70 -60 75 -60]
Disturbance:
[
1	0	0	0	;
-1	0	0	0	;
0	1	0	0	;
0	-1	0	0	;
0	0	1	0	;
0	0	-1	0	;
0	0	0	1	;
0	0	0	-1	;
]
[0.1 0.1 0.1 0.1 0.1 0.1 0.1 0.1]
Partition_Modes:
[A1 A4]

